% -------------------------------------------------------------------
%  Generated by MATLAB on 19-May-2025 14:26:17
%  MATLAB version: 24.2.0.2923080 (R2024b) Update 6
% -------------------------------------------------------------------
                                                         

A_FS = 30;

A_S = 0.5;

cW = 1.3;

g = 9.81;

h_0 = 3000;

h_1 = 1500;

m = 85;

rho = 1.2;

